0.00 66.80 104.39 64.76 140.34 120.18 
66.80 0.00 90.95 59.42 95.20 104.81 
104.39 90.95 0.00 56.26 90.95 31.81 
64.76 59.42 56.26 0.00 101.87 72.04 
140.34 95.20 90.95 101.87 0.00 91.15 
120.18 104.81 31.81 72.04 91.15 0.00 

0.00 118.53 157.69 93.06 100.72 
118.53 0.00 76.73 85.12 77.98 
157.69 76.73 0.00 90.28 79.70 
93.06 85.12 90.28 0.00 26.63 
100.72 77.98 79.70 26.63 0.00 

0.00 100.01 87.02 
100.01 0.00 49.97 
87.02 49.97 0.00 

